331 -2.613780303306612e-08
331 -2.613780303306612e-08
331 -2.613780303306612e-08
331 -2.613780303306612e-08
331 -2.613780303306612e-08
328 -0.008726622970078424
331 -2.613780303306612e-08
331 -2.613780303306612e-08
329 -2.613780303306612e-08
310 -0.02617998520401521
290 -0.04363325436646548
271 -0.06108656724030581
252 -0.07853988011414614
235 -0.08726647694642153
238 -0.07853988011414614
244 -0.06981328328187075
255 -0.06108656724030581
339 0.06108652241528034
341 0.06108652241528034
344 0.06108652241528034
394 0.10471975430846214
400 0.10471975430846214
407 0.09599310904741287
428 0.10471975430846214
439 0.10471975430846214
451 0.10471975430846214
459 0.09599310904741287
467 0.0872664637863636
478 0.09599310904741287
497 0.0872664637863636
499 0.07853981852531433
523 0.06108652241528034
527 0.06108652241528034
531 0.06108652241528034
534 0.05235987715423107
535 0.043633230961859226
540 0.043633230961859226
544 0.043633230961859226
555 0.05235987715423107
585 0.06981316953897476
602 0.07853981852531433
583 -0.02617998520401521
560 -0.05235985119874087
538 -0.08726647694642153
531 -0.09599307377869692
527 -0.09599307377869692
520 -0.10471978982026187
516 -0.10471978982026187
510 -0.11344650586182681
511 -0.10471978982026187
509 -0.10471978982026187
507 -0.10471978982026187
504 -0.10471978982026187
493 -0.1221731026941022
489 -0.1308996995263776
489 -0.1308996995263776
489 -0.1308996995263776
490 -0.11344650586182681
486 -0.1308996995263776
485 -0.1221731026941022
484 -0.11344650586182681
480 -0.1221731026941022
479 -0.11344650586182681
475 -0.11344650586182681
471 -0.11344650586182681
471 -0.09599307377869692
468 -0.09599307377869692
465 -0.09599307377869692
463 -0.09599307377869692
460 -0.09599307377869692
459 -0.08726647694642153
458 -0.08726647694642153
466 -0.06981328328187075
477 -0.05235985119874087
487 -0.04363325436646548
518 -0.02617998520401521
539 -0.008726622970078424
563 0.01745329238474369
534 -0.19198623498017398
522 -0.2181661446862897
514 -0.20943942864472476
474 -0.15707972844178286
467 -0.15707972844178286
459 -0.15707972844178286
447 -0.15707972844178286
426 -0.16580632527405825
404 -0.17453292210633364
380 -0.18325951893860903
350 -0.20071295102173892
323 -0.20071295102173892
256 -0.23561945756013003
236 -0.2268927415185651
178 -0.20071295102173892
169 -0.18325951893860903
164 -0.15707972844178286
162 -0.1308996995263776
163 -0.11344650586182681
165 -0.08726647694642153
166 -0.06108656724030581
168 -0.04363325436646548
170 -0.02617998520401521
169 -0.008726622970078424
164 -0.008726622970078424
162 0.008726620054568812
158 0.008726620054568812
154 0.01745329238474369
149 0.02617993950843811
142 0.02617993950843811
135 0.02617993950843811
131 0.034906585700809956
122 0.034906585700809956
114 0.034906585700809956
101 0.0523598762229085
106 0.06108652241528034
112 0.07853981852531433
121 0.09599310904741287
145 0.12217304855585098
163 0.13962634280323982
197 0.1745329275727272
235 0.20943950861692429
275 0.24434609711170197
323 0.27925267815589905